1900599	1	66315	31	240	12	-1	20060531195800	-7.499	-0.005	20060531	99999999999999	0
1900600	1	66316	31	240	12	-1	20060627023800	8.987	-6.006	20060627	99999999999999	0
6900190	11	9707	32	240	24	-1	20050828032600	-22.488	56.999	20050828	99999999999999	0
6900191	11	9708	32	240	24	-1	20050829041100	-26.333	57.001	20050829	99999999999999	0
1900846	12	93923	31	240	12	-1	20090709150000	-10.000	-8.500	20090709	99999999999999	0
1901176	12	78649	31	240	24	-1	20101022073600	0.013	-51.626	20101022	99999999999999	0
6900897	24	75317	31	240	12	-1	20120701114800	-24.966	57.362	20120701	99999999999999	0
6900899	24	75319	31	240	12	-1	20120630101000	-24.982	60.623	20120630	99999999999999	0
1900943	4	73060	31	120	6	-1	20070213000000	-24.293	17.605	20070213	99999999999999	0
3900531	4	34757	31	240	12	-1	20071103083000	-87.740	-12.062	20071103	99999999999999	0
3900793	19	34882	31	240	12	-1	20101202200500	-79.940	-9.855	20101202	99999999999999	0
3900794	19	34883	31	240	12	-1	20101221165900	-77.002	-14.124	20101221	99999999999999	0
6901021	27	112545	31	240	12	-1	20120627112100	-13.888	41.383	20120627	99999999999999	0
6901022	27	112546	31	240	12	-1	20120706023700	-22.024	49.534	20120706	99999999999999	0
1901205	25	44876	31	240	12	-1	20110721204000	-20.137	45.983	20110721	99999999999999	0
1901206	25	75309	31	240	12	-1	20110723085900	-20.016	42.041	20110723	99999999999999	0
6903153	28	123195	31	120	12	-1	20150717150000	24.750	34.750	20150717	99999999999999	0
6901881	28	123195	31	120	12	-1	20131030102000	25.155	35.768	20131030	99999999999999	0
6901895	29	131073	31	120	12	-1	20130802105500	35.280	42.224	20130802	99999999999999	0
6901896	29	131072	31	120	12	-1	20130804090000	29.533	41.873	20130804	99999999999999	0
1901174	3	78660	31	48	3	-1	20090221011200	79.467	-52.620	20090222	99999999999999	0
1901175	3	78661	31	48	3	-1	20090226033000	80.245	-56.441	20090226	99999999999999	0
1901188	17	57608	31	240	12	-1	20120703225600	163.000	-12.000	20120703	99999999999999	0
1901192	17	57614	31	240	12	-1	20110727164300	-17.431	43.414	20110727	99999999999999	0
6901607	30	132017	31	48	12	-1	20140914181900	-6.672	45.306	20140914	99999999999999	0
6901608	30	132018	31	48	12	-1	20140914143200	-5.970	45.645	20140914	99999999999999	0
6901719	31	140850	31	240	12	-1	20150628000000	-32.100	58.966	20150628	99999999999999	0
6901720	31	140851	31	240	12	-1	20150628000000	-32.100	58.966	20150628	99999999999999	0
6901611	30	136108	31	48	12	-1	20160401035000	7.993	-5.988	20160401	99999999999999	0
6902687	32	150947	31	120	12	-1	20160528125400	4.657	42.024	20160528	99999999999999	0
6902688	32	150948	31	120	12	-1	20160521170500	7.865	43.416	20160521	99999999999999	0
6901032	106	 lovbio001i	-1	-1	-1	1.04	20121124115156	7.898	43.362	20121124	99999999999999	1
6901473	107	 lovbio010b	-1	-1	-1	1.04	20121023152700	-39.800	22.078	20121023	99999999999999	0
6901475	105	 lovbio007b	-1	-1	-1	1.04	20121023152700	-39.800	22.078	20121023	99999999999999	1
6901472	107	 lovbio009b	-1	-1	-1	1.04	20121023153000	-39.800	22.077	20121023	99999999999999	0
6901511	105	 lovbio035b	-1	-1	-1	1.04	20130217212500	4.680	42.035	20130217	99999999999999	0
6901519	106	 lovbio029b	-1	-1	-1	1.06	20130417173000	-20.610	62.720	20130417	99999999999999	0
6901631	201	xxxxxxxxxxxxxxx	-1	240	-1	-1	20140523121000	-12.080	40.336	20140523	99999999999999	0
6901632	201	xxxxxxxxxxxxxxx	-1	240	-1	-1	20140531080200	-19.651	46.517	20140531	99999999999999	0
6901031	202	xxxxxxxxxxxxxxx	-1	240	-1	-1	20121021172800	-7.424	46.034	20121021	20121026083739	0
6901441	202	xxxxxxxxxxxxxxx	-1	240	-1	-1	20120823173300	-35.700	26.000	20120823	20120831071201	0
6901602	203	xxxxxxxxxxxxxxx	-1	240	-1	-1	20150703133300	-35.080	52.731	20150703	99999999999999	0
6901758	203	xxxxxxxxxxxxxxx	-1	240	-1	-1	20150703133100	-35.080	52.731	20150703	99999999999999	0
1900848	204	xxxxxxxxxxxxxxx	-1	120	0	-1	20100227214400	17.488	42.390	20100227	99999999999999	0
6900794	204	xxxxxxxxxxxxxxx	-1	24	0	-1	20091204111200	32.921	33.942	20091204	99999999999999	0
1901203	205	xxxxxxxxxxxxxxx	-1	24	6	-1	20100824000000	10.367	43.068	20100824	20101028083301	0
6900800	205	xxxxxxxxxxxxxxx	-1	24	12	-1	20100703152500	10.047	43.597	20100703	20100721080135	0
3901839	210	xxxxxxxxxxxxxxx	-1	240	12	-1	20160625090700	-36.281	31.945	20160625	99999999999999	0
3901840	210	xxxxxxxxxxxxxxx	-1	240	12	-1	20160529212800	-48.730	22.971	20160529	99999999999999	0
6901467	206	xxxxxxxxxxxxxxx	-1	120	12	-1	20121122135000	6.070	42.758	20121122	99999999999999	0
6901469	206	xxxxxxxxxxxxxxx	-1	24	12	-1	20130127144500	5.280	42.210	20130127	99999999999999	0
6901899	208	xxxxxxxxxxxxxxx	-1	120	12	-1	20140502105100	29.441	41.622	20140502	99999999999999	0
6901900	208	xxxxxxxxxxxxxxx	-1	120	12	-1	20140502110900	29.465	41.542	20140502	99999999999999	0
6901627	209	xxxxxxxxxxxxxxx	-1	48	12	-1	20140610103100	-29.732	58.213	20140610	99999999999999	0
6901628	209	xxxxxxxxxxxxxxx	-1	240	12	-1	20150614174500	-37.546	56.729	20150614	99999999999999	0
2902086	301	xxxxxxxxxxxxxxx	-1	-1	-1	1.06	20121229131700	88.724	12.116	20121229	99999999999999	0
2902087	301	xxxxxxxxxxxxxxx	-1	-1	-1	1.06	20121231055200	89.750	16.505	20121231	99999999999999	0
6901748	302	xxxxxxxxxxxxxxx	-1	-1	-1	1.08	20150204094200	4.849	43.308	20150204	20150223164220	0
6901749	303	xxxxxxxxxxxxxxx	-1	-1	-1	1.08	20150204093200	4.885	43.311	20150204	99999999999999	0
6902680	302	xxxxxxxxxxxxxxx	-1	-1	-1	1.08	20150701195200	-4.332	46.893	20150701	99999999999999	0
1901354	1001	121631	31	240	-1	1	20121015000000	-23.000	9.000	20121015	99999999999999	0
1901355	1001	121632	31	240	-1	1	20121015000000	-23.000	-2.000	20121015	99999999999999	0
3901090	1002	109114	31	240	-1	1	20111025193100	-47.999	-53.061	20111025	99999999999999	0
3901091	1002	109115	31	240	-1	1	20111220223000	-40.000	-57.000	20111220	99999999999999	0
6900835	1003	54989	31	240	-1	1	20100703192200	3.595	70.073	20100703	99999999999999	0
6900836	1003	54990	31	240	-1	1	20100702090300	4.083	70.002	20100702	99999999999999	0
6900746	1004	102294	31	240	-1	1	20101202084400	9.551	-41.973	20101202	99999999999999	0
6900747	1004	102369	31	240	-1	1	20101204174200	5.412	-46.132	20101204	99999999999999	0
6900789	1005	118186	31	240	-1	1	20121213125200	-15.500	29.010	20121213	99999999999999	0
6900803	1005	103241	31	120	-1	1	20110318064000	30.669	43.343	20110318	99999999999999	0
3901075	1006	89095	31	240	-1	1	20090202034600	-85.831	-10.000	20090202	99999999999999	0
3901076	1006	89100	31	240	-1	1	20090202035700	-85.831	-10.000	20090202	99999999999999	0
6900533	1007	133795	31	240	-1	1	20140404120000	-54.307	10.737	20140404	99999999999999	0
6900534	1007	133796	31	240	-1	1	20140407072100	-44.133	6.683	20140407	99999999999999	0
6900524	1008	83197	31	240	-1	1	20080424120000	-22.970	8.050	20080424	99999999999999	0
6900525	1008	83198	31	240	-1	1	20080426130000	-22.850	8.183	20080426	99999999999999	0
1901360	1009	133783	31	240	-1	1	20140623000000	-17.000	18.000	20140623	99999999999999	0
1901361	1009	133784	31	240	-1	1	20140623000000	-17.000	18.416	20140623	99999999999999	0
3901592	1010	158635	31	240	-1	1	20160424192800	-26.650	-4.990	20160424	99999999999999	0
3901593	1010	158636	31	240	-1	1	20160423152000	-27.379	-10.025	20160423	99999999999999	0
6901905	1011	130687	31	240	-1	1	20130722171500	-3.000	75.000	20130722	99999999999999	0
6901906	1011	130688	31	240	-1	1	20130723022000	-2.000	75.000	20130723	99999999999999	0
6901974	1012	131359	31	240	-1	1	20141212011100	0.000	-56.000	20141212	99999999999999	0
6901978	1012	36833	31	240	-1	1	20141022193800	-40.380	-27.200	20141022	99999999999999	0
6903174	2001	xxxxxxxxxxxxxxx	-1	240	12	-1	20151214103500	14.580	36.230	20151214	99999999999999	0
6903177	2001	xxxxxxxxxxxxxxx	-1	240	12	-1	20151002230500	1.994	40.815	20151002	99999999999999	0
6903178	2002	xxxxxxxxxxxxxxx	-1	240	12	-1	20151030140800	17.694	41.743	20151030	99999999999999	0
6903180	2002	xxxxxxxxxxxxxxx	-1	120	24	-1	20160531214245	12.076	41.333	20160531	99999999999999	0
